initial ball cordinates: -0.42, 0.67
initial ball momentum: 0.002, -0.005

0.6860000000000009 0.7235304000000031
-0.5238296664669209 0.8437777602590593
-0.5800599277923131 0.8066470215505201
0.486767319685644 0.8704474974900233
0.7348620185555265 0.6682905302550867
-0.06671773268048828 0.9930943639040835
-0.8035075833980552 0.5861902174907617
-0.36149770620582256 0.9272684394857934
0.5914180979744763 0.7954615717899719
0.3393833612024758 0.9409373138901486
-0.6218425536060388 0.7827304655040251
-0.04116081027890195 1.0010156522956317
0.6467160365545227 0.7646155319475156
-0.2597626224565759 0.9601972773249999
-0.6121441735952793 0.7839890879658254
0.21023318517256678 0.9773169116829638
0.7535861884381992 0.6519701367142708
0.10759584259930804 0.9943611538938968
-0.6372698487384942 0.7708152517739904
-0.37229995113936565 0.919476592711599
0.41901965492438636 0.8985806915460889
0.5545217285015892 0.8210035257774408
-0.15206568487074265 0.9880131077585386
-0.6946281077878308 0.7089878525541822
-0.2077105826935203 0.9694593495908431
0.4725770487099718 0.8711975148827453
0.5134136525682722 0.8472745076949365
-0.1179970591609675 0.9956347188340833
-0.6379715597034697 0.7596542345054141
-0.27460996517873204 0.9612791823236259
0.38483550789090903 0.9234899019518602
0.5747236085691928 0.8155130100174461
0.013131270315305763 0.9902853441415969
-0.5345221019361915 0.834972462765222
-0.4366568863632284 0.8929226093257339
0.13131912335463305 0.9829554796588491
0.572235709019131 0.8088422378623815
0.33538545071655146 0.9358954504651157
-0.21500271611418748 0.9738442571045848
-0.5733913908560331 0.8140225867542669

Ball's cordinate after 40 hits: -0.5733913908560331 0.8140225867542669
Ball's momentum after 39 hits: -0.0063997977632472445 0.008217541600887628

We need to use the last cordingate of the ball (-0.5733913908560331 0.8140225867542669) and pre last momentum
of the ball is (-0.0063997977632472445 0.008217541600887628) whoose reversed  is (0.0063997977632472445 -0.008217541600887628)